100
15.0 3.0 1428.0
44.21009 1.79454 686.28388
58.0 2.13004 2000.0
491.68068 1.40716 1900.43389
498.04473 1.11008 1915.31616
155.87686 3.61898 1243.80168
225.0 1.0 1052.0
253.6281 1.8 535.69722
492.52634 1.04888 1925.93399
119.020 3.0 1979.813
492.26418 1.42056 1991.35592
313.0 3.55 1441.078
1.09075 3.34130 1999.16081
112.80416 3.2 411.77276
345.00000 1.00000 388.00000
497.47063 1.17977 1975.65162
113.7 4.00000 232.811
497.18793 1.27773 1979.75185
89.43013 1.24430 552.63647
276.96227 2.68682 144.01849
22.1411 3.70 1641.0
338.0 3.0 517.0
492.06143 1.00612 1972.09512
191.74858 2.76311 1968.33856
1.05898 3.08971 1999.44286
211.23924 1.23161 301.00869
492.49540 1.44235 1972.14912
493.08511 1.27684 1926.00680
1.49047 3.51729 3.24680
363.63725 1.85702 371.11995
495.05061 1.12868 1973.23022
93.0 4.0 213.0
497.85601 1.08443 1936.70408
86.0 3.0 430.0
338.00000 2.00000 676.00000
19.574 3.9709 123.6546
493.98526 1.45274 1913.99430
1.09635 3.79331 1999.57470
100.00000 2.00000 200.00000
496.11998 1.16379 1928.20660
383.05 3.849 1048.613
462.0 3.0 1917.0
498.67565 1.13854 1942.59506
490.53611 1.12174 1911.27488
441.00000 2.00000 453.00000
492.93230 1.20838 1934.27597
202.0 1.0 1097.9391
369.614 1.73 1407.0
497.52469 1.26033 1924.85245
491.44170 1.28804 1909.96729
494.91901 1.48848 1975.46097
309.0 4.0 1606.0
490.70119 1.16414 1944.20853
491.75727 3.24186 653.54201
490.27332 1.33849 1966.75166
492.01017 1.02773 1901.44364
495.13231 1.49000 1961.63292
337.18479 1.30471 320.42716
498.81759 1.34052 1930.05485
27.65906 1.65485 1924.99245
1.03108 3.94813 1999.88777
495.86525 1.01010 1940.14273
215.04794 1.57157 1246.32295
386.915 3.4104 1959.20
56.36852 2.92008 1055.91798
350.37 2.4614 1.000
349.7411 2.7780 1421.5
492.14316 1.40903 1940.86523
496.93851 1.41351 1953.90601
184.0 2.0 1971.0
380.07267 2.12741 743.94244
491.92025 1.05449 1937.50844
486.29211 3.61003 388.97907
500.0 1.98 760.3204
161.00000 2.00000 322.00000
49.0 2.0 1570.0
304.5 2.0 49.88364
388.00000 1.00000 435.00000
497.52369 1.40150 1956.62581
376.54587 3.31911 196.40029
47.776 1.0000 474.372
60.03755 2.42163 1979.69206
492.76650 1.38102 1970.68010
160.0 2.0 1922.0
148.0 3.0 531.0
74.19738 2.59280 1521.26586
494.49626 1.20556 1985.92303
498.39035 1.04329 1926.84285
493.69238 1.34593 1910.11802
333.37257 3.69473 1591.64418
489.00000 4.00000 500.00000
204.03627 1.19055 1711.25471
148.0 1.0 1883.0
380.0 2.0 1088.0
493.75665 1.47036 1971.58242
134.391 2.71416 785.35
495.06312 1.16901 1911.61886
1.0 3.33 109.72
109.00000 2.00000 218.00000
169.45082 2.00736 930.10660
